Cromosomas:0.3918000867106085,0.1332923799737444,0.08228721505088461,0.8226629461582664,0.746320968709771,0.9189011064591674,0.4849034082172189,0.49026529607860525, - Turnos:1023 ÀGana?:true
Cromosomas:0.1994972883293742,0.05430030210304214,0.02204266203291965,0.7811463579917417,0.8607407562033462,0.9469411082715166,0.42980084300712085,0.48854686707635786, - Turnos:1096 ÀGana?:false


