Cromosomas:0.36708080845318075,0.09728557200858856,0.3996650808077026,0.34364281993420215,0.7576588265374099,0.5187205490316713,0.5807285662638288,0.69994952340877, - Turnos:1047 ÀGana?:true
Cromosomas:0.1994972883293742,0.05430030210304214,0.02204266203291965,0.7811463579917417,0.8607407562033462,0.9469411082715166,0.42980084300712085,0.48854686707635786, - Turnos:1096 ÀGana?:false


