Cromosomas:0.22076916706254127,0.23388545851361364,0.5932494561878887,0.5093061788095452,0.2244590718468053,0.632971715034712,0.6748549908766053,0.3490916753617031, - Turnos:841 ÀGana?:true
Cromosomas:0.1994972883293742,0.05430030210304214,0.02204266203291965,0.7811463579917417,0.8607407562033462,0.9469411082715166,0.42980084300712085,0.48854686707635786, - Turnos:1096 ÀGana?:false


