Cromosomas:0.36708080845318075,0.09728557200858856,0.3996650808077026,0.34364281993420215,0.7576588265374099,0.5187205490316713,0.5807285662638288,0.69994952340877, - Turnos:933 ÀGana?:false
Cromosomas:0.36708080845318075,0.09728557200858856,0.3996650808077026,0.34364281993420215,0.7576588265374099,0.5187205490316713,0.5807285662638288,0.69994952340877, - Turnos:933 ÀGana?:false


