Cromosomas:0.7324892228665172,0.8745810285391838,0.30822234803884085,0.5985452253397301,0.20094231404574736,0.7723847104068429,0.3925238789875519,0.6122344850447125, - Turnos:5005 ÀGana?:true
Cromosomas:0.7324892228665172,0.8745810285391838,0.30822234803884085,0.5985452253397301,0.20094231404574736,0.7723847104068429,0.3925238789875519,0.6122344850447125, - Turnos:5005 ÀGana?:true


