Cromosomas:0.2826871608133976,0.30819091508323804,0.5502674290518285,0.7782462590969071,0.352229861565255,0.3895703715930478,0.6453037176207251,0.24485814396164807, - Turnos:1057 ÀGana?:false
Cromosomas:0.2826871608133976,0.30819091508323804,0.5502674290518285,0.7782462590969071,0.352229861565255,0.3895703715930478,0.6453037176207251,0.24485814396164807, - Turnos:1057 ÀGana?:false


