Cromosomas:0.5437514200203175,0.0753744896179056,0.7773800711596388,0.7041901101351078,0.13342970390314118,0.49124861156552235,0.3916878751724116,0.7788769370078653, - Turnos:921 ÀGana?:true
Cromosomas:0.7324892228665172,0.8745810285391838,0.30822234803884085,0.5985452253397301,0.20094231404574736,0.7723847104068429,0.3925238789875519,0.6122344850447125, - Turnos:1965 ÀGana?:true


