Cromosomas:0.6331797746943328,0.16092968695367355,0.602886839766939,0.6536992356403346,0.19861756338632924,0.7298373393398572,0.35498390676726405,0.8849772329962544, - Turnos:766 ÀGana?:false
Cromosomas:0.5437514200203175,0.0753744896179056,0.7773800711596388,0.7041901101351078,0.13342970390314118,0.49124861156552235,0.3916878751724116,0.7788769370078653, - Turnos:918 ÀGana?:true


