Cromosomas:0.06293993677915219,0.37282744855226074,0.8732089504708723,0.4389017890951966,0.4802755008719036,0.39141701328880585,0.6325105121526801,0.031766911009969, - Turnos:1219 ÀGana?:true
Cromosomas:0.06293993677915219,0.37282744855226074,0.8732089504708723,0.4389017890951966,0.4802755008719036,0.39141701328880585,0.6325105121526801,0.031766911009969, - Turnos:1219 ÀGana?:true


