Cromosomas:0.7324892228665172,0.8745810285391838,0.30822234803884085,0.5985452253397301,0.20094231404574736,0.7723847104068429,0.3925238789875519,0.6122344850447125, - Turnos:1250 ÀGana?:false
Cromosomas:0.19599726349167035,0.29167611513624725,0.46955237961976726,0.26251211126049157,0.7126860626238284,0.38807287472852914,0.624735599732169,0.4147246722624295, - Turnos:1239 ÀGana?:true


