Cromosomas:0.5437514200203175,0.0753744896179056,0.7773800711596388,0.7041901101351078,0.13342970390314118,0.49124861156552235,0.3916878751724116,0.7788769370078653, - Turnos:921 ÀGana?:true
Cromosomas:0.36708080845318075,0.09728557200858856,0.3996650808077026,0.34364281993420215,0.7576588265374099,0.5187205490316713,0.5807285662638288,0.69994952340877, - Turnos:2018 ÀGana?:false


