Cromosomas:0.2826871608133976,0.30819091508323804,0.5502674290518285,0.7782462590969071,0.352229861565255,0.3895703715930478,0.6453037176207251,0.24485814396164807, - Turnos:1073 ÀGana?:true
Cromosomas:0.19599726349167035,0.29167611513624725,0.46955237961976726,0.26251211126049157,0.7126860626238284,0.38807287472852914,0.624735599732169,0.4147246722624295, - Turnos:823 ÀGana?:true


