Cromosomas:0.19599726349167035,0.29167611513624725,0.46955237961976726,0.26251211126049157,0.7126860626238284,0.38807287472852914,0.624735599732169,0.4147246722624295, - Turnos:942 ÀGana?:true
Cromosomas:0.36708080845318075,0.09728557200858856,0.3996650808077026,0.34364281993420215,0.7576588265374099,0.5187205490316713,0.5807285662638288,0.69994952340877, - Turnos:2018 ÀGana?:false


