Cromosomas:0.19599726349167035,0.29167611513624725,0.46955237961976726,0.26251211126049157,0.7126860626238284,0.38807287472852914,0.624735599732169,0.4147246722624295, - Turnos:1080 ÀGana?:true
Cromosomas:0.06293993677915219,0.37282744855226074,0.8732089504708723,0.4389017890951966,0.4802755008719036,0.39141701328880585,0.6325105121526801,0.031766911009969, - Turnos:1625 ÀGana?:true


