Cromosomas:0.6331797746943328,0.16092968695367355,0.602886839766939,0.6536992356403346,0.19861756338632924,0.7298373393398572,0.35498390676726405,0.8849772329962544, - Turnos:1102 ÀGana?:true
Cromosomas:0.3918000867106085,0.1332923799737444,0.08228721505088461,0.8226629461582664,0.746320968709771,0.9189011064591674,0.4849034082172189,0.49026529607860525, - Turnos:1045 ÀGana?:false


