Cromosomas:0.1994972883293742,0.05430030210304214,0.02204266203291965,0.7811463579917417,0.8607407562033462,0.9469411082715166,0.42980084300712085,0.48854686707635786, - Turnos:915 ÀGana?:false
Cromosomas:0.7324892228665172,0.8745810285391838,0.30822234803884085,0.5985452253397301,0.20094231404574736,0.7723847104068429,0.3925238789875519,0.6122344850447125, - Turnos:1965 ÀGana?:true


