Cromosomas:0.1994972883293742,0.05430030210304214,0.02204266203291965,0.7811463579917417,0.8607407562033462,0.9469411082715166,0.42980084300712085,0.48854686707635786, - Turnos:981 ÀGana?:false
Cromosomas:0.1994972883293742,0.05430030210304214,0.02204266203291965,0.7811463579917417,0.8607407562033462,0.9469411082715166,0.42980084300712085,0.48854686707635786, - Turnos:981 ÀGana?:false


