Cromosomas:0.06293993677915219,0.37282744855226074,0.8732089504708723,0.4389017890951966,0.4802755008719036,0.39141701328880585,0.6325105121526801,0.031766911009969, - Turnos:757 ÀGana?:true
Cromosomas:0.6331797746943328,0.16092968695367355,0.602886839766939,0.6536992356403346,0.19861756338632924,0.7298373393398572,0.35498390676726405,0.8849772329962544, - Turnos:1102 ÀGana?:true


