Cromosomas:0.22076916706254127,0.23388545851361364,0.5932494561878887,0.5093061788095452,0.2244590718468053,0.632971715034712,0.6748549908766053,0.3490916753617031, - Turnos:977 ÀGana?:true
Cromosomas:0.7324892228665172,0.8745810285391838,0.30822234803884085,0.5985452253397301,0.20094231404574736,0.7723847104068429,0.3925238789875519,0.6122344850447125, - Turnos:1965 ÀGana?:true


