Cromosomas:0.5437514200203175,0.0753744896179056,0.7773800711596388,0.7041901101351078,0.13342970390314118,0.49124861156552235,0.3916878751724116,0.7788769370078653, - Turnos:764 ÀGana?:false
Cromosomas:0.2826871608133976,0.30819091508323804,0.5502674290518285,0.7782462590969071,0.352229861565255,0.3895703715930478,0.6453037176207251,0.24485814396164807, - Turnos:1715 ÀGana?:true


