Cromosomas:0.19599726349167035,0.29167611513624725,0.46955237961976726,0.26251211126049157,0.7126860626238284,0.38807287472852914,0.624735599732169,0.4147246722624295, - Turnos:806 ÀGana?:true
Cromosomas:0.22076916706254127,0.23388545851361364,0.5932494561878887,0.5093061788095452,0.2244590718468053,0.632971715034712,0.6748549908766053,0.3490916753617031, - Turnos:1006 ÀGana?:false


