Cromosomas:0.6331797746943328,0.16092968695367355,0.602886839766939,0.6536992356403346,0.19861756338632924,0.7298373393398572,0.35498390676726405,0.8849772329962544, - Turnos:933 ÀGana?:false
Cromosomas:0.6331797746943328,0.16092968695367355,0.602886839766939,0.6536992356403346,0.19861756338632924,0.7298373393398572,0.35498390676726405,0.8849772329962544, - Turnos:933 ÀGana?:false


