Cromosomas:0.06293993677915219,0.37282744855226074,0.8732089504708723,0.4389017890951966,0.4802755008719036,0.39141701328880585,0.6325105121526801,0.031766911009969, - Turnos:776 ÀGana?:true
Cromosomas:0.3918000867106085,0.1332923799737444,0.08228721505088461,0.8226629461582664,0.746320968709771,0.9189011064591674,0.4849034082172189,0.49026529607860525, - Turnos:1045 ÀGana?:false


