Cromosomas:0.36708080845318075,0.09728557200858856,0.3996650808077026,0.34364281993420215,0.7576588265374099,0.5187205490316713,0.5807285662638288,0.69994952340877, - Turnos:777 ÀGana?:true
Cromosomas:0.3918000867106085,0.1332923799737444,0.08228721505088461,0.8226629461582664,0.746320968709771,0.9189011064591674,0.4849034082172189,0.49026529607860525, - Turnos:1045 ÀGana?:false


