Cromosomas:0.3918000867106085,0.1332923799737444,0.08228721505088461,0.8226629461582664,0.746320968709771,0.9189011064591674,0.4849034082172189,0.49026529607860525, - Turnos:874 ÀGana?:false
Cromosomas:0.2826871608133976,0.30819091508323804,0.5502674290518285,0.7782462590969071,0.352229861565255,0.3895703715930478,0.6453037176207251,0.24485814396164807, - Turnos:1131 ÀGana?:true


