Cromosomas:0.3918000867106085,0.1332923799737444,0.08228721505088461,0.8226629461582664,0.746320968709771,0.9189011064591674,0.4849034082172189,0.49026529607860525, - Turnos:1075 ÀGana?:true
Cromosomas:0.3918000867106085,0.1332923799737444,0.08228721505088461,0.8226629461582664,0.746320968709771,0.9189011064591674,0.4849034082172189,0.49026529607860525, - Turnos:1075 ÀGana?:true


