Cromosomas:0.06293993677915219,0.37282744855226074,0.8732089504708723,0.4389017890951966,0.4802755008719036,0.39141701328880585,0.6325105121526801,0.031766911009969, - Turnos:986 ÀGana?:true
Cromosomas:0.5437514200203175,0.0753744896179056,0.7773800711596388,0.7041901101351078,0.13342970390314118,0.49124861156552235,0.3916878751724116,0.7788769370078653, - Turnos:918 ÀGana?:true


