Cromosomas:0.2826871608133976,0.30819091508323804,0.5502674290518285,0.7782462590969071,0.352229861565255,0.3895703715930478,0.6453037176207251,0.24485814396164807, - Turnos:1299 ÀGana?:true
Cromosomas:0.7324892228665172,0.8745810285391838,0.30822234803884085,0.5985452253397301,0.20094231404574736,0.7723847104068429,0.3925238789875519,0.6122344850447125, - Turnos:1965 ÀGana?:true


