Cromosomas:0.6331797746943328,0.16092968695367355,0.602886839766939,0.6536992356403346,0.19861756338632924,0.7298373393398572,0.35498390676726405,0.8849772329962544, - Turnos:1032 ÀGana?:false
Cromosomas:0.36708080845318075,0.09728557200858856,0.3996650808077026,0.34364281993420215,0.7576588265374099,0.5187205490316713,0.5807285662638288,0.69994952340877, - Turnos:2018 ÀGana?:false


