Cromosomas:0.22076916706254127,0.23388545851361364,0.5932494561878887,0.5093061788095452,0.2244590718468053,0.632971715034712,0.6748549908766053,0.3490916753617031, - Turnos:1053 ÀGana?:false
Cromosomas:0.6331797746943328,0.16092968695367355,0.602886839766939,0.6536992356403346,0.19861756338632924,0.7298373393398572,0.35498390676726405,0.8849772329962544, - Turnos:1102 ÀGana?:true


