Cromosomas:0.7324892228665172,0.8745810285391838,0.30822234803884085,0.5985452253397301,0.20094231404574736,0.7723847104068429,0.3925238789875519,0.6122344850447125, - Turnos:3614 ÀGana?:false
Cromosomas:0.6331797746943328,0.16092968695367355,0.602886839766939,0.6536992356403346,0.19861756338632924,0.7298373393398572,0.35498390676726405,0.8849772329962544, - Turnos:2951 ÀGana?:false


