Cromosomas:0.22076916706254127,0.23388545851361364,0.5932494561878887,0.5093061788095452,0.2244590718468053,0.632971715034712,0.6748549908766053,0.3490916753617031, - Turnos:840 ÀGana?:false
Cromosomas:0.22076916706254127,0.23388545851361364,0.5932494561878887,0.5093061788095452,0.2244590718468053,0.632971715034712,0.6748549908766053,0.3490916753617031, - Turnos:840 ÀGana?:false


